image: center_map.pgm
resolution: 0.100000
origin: [-25.332840, -47.971935, 0.000000]
negate: 0
occupied_thresh: 0.65
free_thresh: 0.196

