image: center_map2.pgm
resolution: 0.100000
origin: [-150.652206, -148.117294, 0.000000]
negate: 0
occupied_thresh: 0.65
free_thresh: 0.196

