image: mymap.pgm
resolution: 0.100000
origin: [-5.350506, -27.989904, 0.000000]
negate: 0
occupied_thresh: 0.65
free_thresh: 0.196

