image: new_map_lll.pgm
resolution: 0.100000
origin: [-42.647804, -111.734711, 0.000000]
negate: 0
occupied_thresh: 0.65
free_thresh: 0.196

